
35mROACHII
33mChoose

32m0

32m1

32m2

32m3

32m4

32m5

1.80184090e+09
-1.40240512e+09
2.05204992e+09
-1.22375552e+09
1.07353011e+09
1.46301670e+09
-3.52526081e+08
1.00069375e+08
-1.83337523e+09
-9.73615105e+08
-1.84150861e+09
-9.03091713e+08
4.07162111e+08
1.20264474e+09
97832703.
-1.24367693e+09
-5.86941185e+08
1.70543821e+09
1.88264346e+09
4.71265023e+08
-6686721.
-1.05926886e+09
-1.28038349e+09
-1.54383565e+09
-1.12225203e+09
-3.86793985e+08
-2.59598337e+08
1.49067853e+09
-1.11831322e+09
2.07387955e+09
3.68437503e+08
1.72175027e+09
1.74049869e+09
-1.10226381e+09
1.95946086e+09
1.84706432e+09
1.88893850e+09
-8.67116289e+08
-3.05204993e+08
-2.01170662e+09
-7.22933761e+08
-4.88245761e+08
-1.46826854e+09
-1.82459905e+08
-2.01019750e+09
-2.00219904e+09
1.18879487e+08
-1.81961574e+09
-2.21452033e+08
2.01417267e+09
1.97510911e+08
1.64754175e+08
1.92014335e+08
1.43490867e+09
9.40039679e+08
-1.19243213e+09
-1.01626675e+09
1.41406490e+09
2.71243263e+08
-3.84631297e+08
-1.30228993e+08
6.76188159e+08
-1.85251251e+09
1.96994586e+09
8.25281279e+08
-1.68808960e+09
-9.74858241e+08
-1.34245248e+09
7.04638207e+08
-1.04347418e+09
1.90152166e+09
6.92649983e+08
-1.77623706e+09
-1.29755034e+09
-53418241.
1.45436237e+09
-1.66115277e+09
-1.02427136e+09
-1.75414067e+09
-1.30987750e+09
1.35521535e+08
1.53483775e+08
-1.77268531e+09
-1.37272832e+09
-2.07926323e+09
8.75614719e+08
-1.79142938e+09
-1.90231962e+09
-2.02959078e+09
-1.20494618e+09
7.88121599e+08
8.32425727e+08
3.79114751e+08
1.37139968e+09
-4.00097793e+08
7.94872831e+08
1.49119923e+09
1.89895757e+09
-3.72841729e+08
1.21903437e+09
1.13540864e+09
3.70069503e+08
-1.13496294e+09
-1.70656026e+09
6.58361343e+08
-1.84570010e+09
2.34937599e+08
9.43517695e+08
2.04589210e+09
-1.58551731e+09
4.03305983e+08
9.60221183e+08
-1.15514650e+09
-4.20218113e+08
-2.06381313e+08
1.23200640e+09
-1.75369139e+09
-9.79770369e+08
1.86933632e+09
-1.46441088e+09
1.22675533e+09
-1.04800513e+08
-7.27912705e+08
20891391.
-1.98411546e+09
1.23783782e+09
-1.46053862e+09
8.68274175e+08
1.09110605e+09
-5.88656385e+08
56682495.
6.34713599e+08
1.71401523e+09
-1.91018163e+09
7.43296767e+08
2.80357375e+08
9.81650687e+08
-1.71737242e+09
1.82758886e+09
2.14570547e+09
5.81626367e+08
-1.30731264e+09
9.82896639e+08
7.23373823e+08
-8.40892673e+08
-4.29006593e+08
-1.07230413e+09
-5.83282689e+08
-78388481.
1.20310451e+09
1.75111910e+09
1.00813747e+09
-4.53385473e+08
-1.54947354e+09
9.10619903e+08
1.53308058e+09
-1.88397542e+09
1.57134310e+09
1.58026010e+09
-1.44789120e+09
-1.98148403e+09
2.00178458e+09
-4.95651841e+08
-1.73881216e+09
4.44976127e+08
4.04934143e+08
-7.00517633e+08
3.74667007e+08
1.94601728e+09
-1.52934938e+09
-5.45138689e+08
6.21538047e+08
-7.98241537e+08
1.14484045e+09
-2.02493133e+09
1.72282367e+08
-1.21268762e+09
1.15519360e+09
5.14975999e+08
-1.48092006e+09
1.63314943e+08
-1.66167782e+09
2.14584243e+09
1.91615231e+08
6.00169471e+08
-1.59888461e+09
-1.14826931e+09
-1.54069248e+09
56358655.
1.48745856e+09
1.41983002e+09
-1.34034534e+09
-9.54677249e+08
1.15774618e+09
1.80158310e+09
1.10007450e+09
-1.08332006e+09
9.79298815e+08
1.66257331e+09
-1.77668097e+08
-1.28241997e+09
-4.55414785e+08
-1.94353613e+09
-1.23562752e+09
8.08904959e+08
9.53598975e+08
1.57252429e+09
1.42696883e+09
-1.29401574e+09
3.77347071e+08
-1.54507955e+09
-1.02296371e+09
4.42161407e+08
-5.92326401e+08
1.37769549e+09
-4.26773249e+08
1.60426751e+08
-2.63654913e+08
1.69668351e+08
-1.90481869e+09
-1.86614067e+09
1.83539891e+09
-7.21431041e+08
-1.37161523e+09
-1.18234010e+09
-1.13502822e+09
-5.68399361e+08
-3.23161089e+08
-5.87537665e+08
-9.15806209e+08
-1.44343757e+09
1.49027430e+09
-2.69886209e+08
-6.15844865e+08
-2.04965197e+09
1.97885773e+09
9.07411455e+08
-1.63263949e+09
5.49518335e+08
7.48739583e+08
1.50011903e+08
1.65025971e+09
-1.76691635e+09
-8.84418561e+08
-1.77373414e+09
1.70000000e+09
-2.07434650e+09
-1.94491546e+09
-1.88122163e+09
-1.96628608e+09
-1.04366643e+09
1.54342477e+09
-1.22618650e+09
-1.26151552e+09
-1.48643123e+09
1.66191309e+09
2.09000781e+09
5.58492159e+08
-2.07828198e+09
4.31159551e+08
-1.41349581e+09
-1.61670912e+